[['%' '%' '%' '%' '%' '%' '%' '%' '%' '%' '%' '%' '%' '%' '%' '%' '%' '%'
  '%' '%' '%' '%']
 ['%' ' ' '%' '%' ' ' ' ' ' ' ' ' ' ' ' ' ' ' ' ' '%' ' ' '%' ' ' ' ' ' '
  ' ' ' ' ' ' '%']
 ['%' ' ' ' ' ' ' ' ' '%' '%' '%' '%' '%' '%' ' ' '%' ' ' '%' '%' '%' '%'
  '%' '%' ' ' '%']
 ['%' '%' '%' '%' '%' '%' ' ' ' ' ' ' ' ' ' ' 'P' ' ' ' ' '%' ' ' ' ' ' '
  ' ' ' ' ' ' '%']
 ['%' ' ' ' ' ' ' ' ' '%' ' ' '%' '%' '%' '%' '%' '%' ' ' '%' '%' ' ' '%'
  '%' '%' '%' '%']
 ['%' ' ' '%' '%' '%' '%' ' ' '%' ' ' ' ' ' ' ' ' ' ' ' ' ' ' ' ' ' ' '%'
  ' ' ' ' ' ' '%']
 ['%' ' ' ' ' ' ' ' ' ' ' ' ' ' ' ' ' '%' '%' '%' ' ' '%' '%' '%' ' ' ' '
  ' ' '%' ' ' '%']
 ['%' '%' '%' '%' '%' '%' '%' '%' '%' '%' ' ' ' ' ' ' ' ' '%' '%' '%' '%'
  '%' '%' ' ' '%']
 ['%' '.' ' ' ' ' ' ' ' ' ' ' ' ' ' ' ' ' ' ' '%' '%' ' ' ' ' ' ' ' ' ' '
  ' ' ' ' ' ' '%']
 ['%' '%' '%' '%' '%' '%' '%' '%' '%' '%' '%' '%' '%' '%' '%' '%' '%' '%'
  '%' '%' '%' '%']]
[[  0   1   2   3   4   5   6   7   8   9  10  11  12  13  14  15  16  17
   18  19  20  21]
 [ 22  23  24  25  26  27  28  29  30  31  32  33  34  35  36  37  38  39
   40  41  42  43]
 [ 44  45  46  47  48  49  50  51  52  53  54  55  56  57  58  59  60  61
   62  63  64  65]
 [ 66  67  68  69  70  71  72  73  74  75  76  77  78  79  80  81  82  83
   84  85  86  87]
 [ 88  89  90  91  92  93  94  95  96  97  98  99 100 101 102 103 104 105
  106 107 108 109]
 [110 111 112 113 114 115 116 117 118 119 120 121 122 123 124 125 126 127
  128 129 130 131]
 [132 133 134 135 136 137 138 139 140 141 142 143 144 145 146 147 148 149
  150 151 152 153]
 [154 155 156 157 158 159 160 161 162 163 164 165 166 167 168 169 170 171
  172 173 174 175]
 [176 177 178 179 180 181 182 183 184 185 186 187 188 189 190 191 192 193
  194 195 196 197]
 [198 199 200 201 202 203 204 205 206 207 208 209 210 211 212 213 214 215
  216 217 218 219]]
[[ 23  45]
 [ 26  27]
 [ 26  48]
 [ 27  26]
 [ 27  28]
 [ 28  27]
 [ 28  29]
 [ 29  28]
 [ 29  30]
 [ 30  29]
 [ 30  31]
 [ 31  30]
 [ 31  32]
 [ 32  31]
 [ 32  33]
 [ 33  32]
 [ 33  55]
 [ 35  57]
 [ 37  38]
 [ 38  37]
 [ 38  39]
 [ 39  38]
 [ 39  40]
 [ 40  39]
 [ 40  41]
 [ 41  40]
 [ 41  42]
 [ 42  41]
 [ 42  64]
 [ 45  23]
 [ 45  46]
 [ 46  45]
 [ 46  47]
 [ 47  46]
 [ 47  48]
 [ 48  26]
 [ 48  47]
 [ 55  33]
 [ 55  77]
 [ 57  35]
 [ 57  79]
 [ 64  42]
 [ 64  86]
 [ 72  73]
 [ 72  94]
 [ 73  72]
 [ 73  74]
 [ 74  73]
 [ 74  75]
 [ 75  74]
 [ 75  76]
 [ 76  75]
 [ 76  77]
 [ 77  55]
 [ 77  76]
 [ 77  78]
 [ 78  77]
 [ 78  79]
 [ 79  57]
 [ 79  78]
 [ 79 101]
 [ 81  82]
 [ 82  81]
 [ 82  83]
 [ 82 104]
 [ 83  82]
 [ 83  84]
 [ 84  83]
 [ 84  85]
 [ 85  84]
 [ 85  86]
 [ 86  64]
 [ 86  85]
 [ 89  90]
 [ 89 111]
 [ 90  89]
 [ 90  91]
 [ 91  90]
 [ 91  92]
 [ 92  91]
 [ 94  72]
 [ 94 116]
 [101  79]
 [101 123]
 [104  82]
 [104 126]
 [111  89]
 [111 133]
 [116  94]
 [116 138]
 [118 119]
 [118 140]
 [119 118]
 [119 120]
 [120 119]
 [120 121]
 [121 120]
 [121 122]
 [122 121]
 [122 123]
 [122 144]
 [123 101]
 [123 122]
 [123 124]
 [124 123]
 [124 125]
 [125 124]
 [125 126]
 [126 104]
 [126 125]
 [126 148]
 [128 129]
 [128 150]
 [129 128]
 [129 130]
 [130 129]
 [130 152]
 [133 111]
 [133 134]
 [134 133]
 [134 135]
 [135 134]
 [135 136]
 [136 135]
 [136 137]
 [137 136]
 [137 138]
 [138 116]
 [138 137]
 [138 139]
 [139 138]
 [139 140]
 [140 118]
 [140 139]
 [144 122]
 [144 166]
 [148 126]
 [148 149]
 [149 148]
 [149 150]
 [150 128]
 [150 149]
 [152 130]
 [152 174]
 [164 165]
 [164 186]
 [165 164]
 [165 166]
 [166 144]
 [166 165]
 [166 167]
 [167 166]
 [167 189]
 [174 152]
 [174 196]
 [177 178]
 [178 177]
 [178 179]
 [179 178]
 [179 180]
 [180 179]
 [180 181]
 [181 180]
 [181 182]
 [182 181]
 [182 183]
 [183 182]
 [183 184]
 [184 183]
 [184 185]
 [185 184]
 [185 186]
 [186 164]
 [186 185]
 [189 167]
 [189 190]
 [190 189]
 [190 191]
 [191 190]
 [191 192]
 [192 191]
 [192 193]
 [193 192]
 [193 194]
 [194 193]
 [194 195]
 [195 194]
 [195 196]
 [196 174]
 [196 195]]
-----------------------------------------------------
-----------------------------------------------------
-----------------------------------------------------
[[ 23  45]
 [ 26  27]
 [ 26  48]
 [ 27  26]
 [ 27  28]
 [ 28  27]
 [ 28  29]
 [ 29  28]
 [ 29  30]
 [ 30  29]
 [ 30  31]
 [ 31  30]
 [ 31  32]
 [ 32  31]
 [ 32  33]
 [ 33  32]
 [ 33  55]
 [ 35  57]
 [ 37  38]
 [ 38  37]
 [ 38  39]
 [ 39  38]
 [ 39  40]
 [ 40  39]
 [ 40  41]
 [ 41  40]
 [ 41  42]
 [ 42  41]
 [ 42  64]
 [ 45  23]
 [ 45  46]
 [ 46  45]
 [ 46  47]
 [ 47  46]
 [ 47  48]
 [ 48  26]
 [ 48  47]
 [ 55  33]
 [ 55  77]
 [ 57  35]
 [ 57  79]
 [ 64  42]
 [ 64  86]
 [ 72  73]
 [ 72  94]
 [ 73  72]
 [ 73  74]
 [ 74  73]
 [ 74  75]
 [ 75  74]
 [ 75  76]
 [ 76  75]
 [ 76  77]
 [ 77  55]
 [ 77  76]
 [ 77  78]
 [ 78  77]
 [ 78  79]
 [ 79  57]
 [ 79  78]
 [ 79 101]
 [ 81  82]
 [ 82  81]
 [ 82  83]
 [ 82 104]
 [ 83  82]
 [ 83  84]
 [ 84  83]
 [ 84  85]
 [ 85  84]
 [ 85  86]
 [ 86  64]
 [ 86  85]
 [ 89  90]
 [ 89 111]
 [ 90  89]
 [ 90  91]
 [ 91  90]
 [ 91  92]
 [ 92  91]
 [ 94  72]
 [ 94 116]
 [101  79]
 [101 123]
 [104  82]
 [104 126]
 [111  89]
 [111 133]
 [116  94]
 [116 138]
 [118 119]
 [118 140]
 [119 118]
 [119 120]
 [120 119]
 [120 121]
 [121 120]
 [121 122]
 [122 121]
 [122 123]
 [122 144]
 [123 101]
 [123 122]
 [123 124]
 [124 123]
 [124 125]
 [125 124]
 [125 126]
 [126 104]
 [126 125]
 [126 148]
 [128 129]
 [128 150]
 [129 128]
 [129 130]
 [130 129]
 [130 152]
 [133 111]
 [133 134]
 [134 133]
 [134 135]
 [135 134]
 [135 136]
 [136 135]
 [136 137]
 [137 136]
 [137 138]
 [138 116]
 [138 137]
 [138 139]
 [139 138]
 [139 140]
 [140 118]
 [140 139]
 [144 122]
 [144 166]
 [148 126]
 [148 149]
 [149 148]
 [149 150]
 [150 128]
 [150 149]
 [152 130]
 [152 174]
 [164 165]
 [164 186]
 [165 164]
 [165 166]
 [166 144]
 [166 165]
 [166 167]
 [167 166]
 [167 189]
 [174 152]
 [174 196]
 [177 178]
 [178 177]
 [178 179]
 [179 178]
 [179 180]
 [180 179]
 [180 181]
 [181 180]
 [181 182]
 [182 181]
 [182 183]
 [183 182]
 [183 184]
 [184 183]
 [184 185]
 [185 184]
 [185 186]
 [186 164]
 [186 185]
 [189 167]
 [189 190]
 [190 189]
 [190 191]
 [191 190]
 [191 192]
 [192 191]
 [192 193]
 [193 192]
 [193 194]
 [194 193]
 [194 195]
 [195 194]
 [195 196]
 [196 174]
 [196 195]]
